0.000000000000000000e+00,0.000000000000000000e+00,1.000000000000000000e+00,0.000000000000000000e+00,1.000000000000000000e+00,0.000000000000000000e+00,-1.000000000000000000e+00,0.000000000000000000e+00,0.000000000000000000e+00,0.000000000000000000e+00,0.000000000000000000e+00,5.000000000000000000e-01,0.000000000000000000e+00
0.000000000000000000e+00,0.000000000000000000e+00,1.000000000000000000e+00,0.000000000000000000e+00,1.000000000000000000e+00,0.000000000000000000e+00,-1.000000000000000000e+00,0.000000000000000000e+00,0.000000000000000000e+00,1.594685157640178663e-07,0.000000000000000000e+00,5.000000355687467257e-01,0.000000000000000000e+00
0.000000000000000000e+00,0.000000000000000000e+00,1.000000000000000000e+00,0.000000000000000000e+00,1.000000000000000000e+00,0.000000000000000000e+00,-1.000000000000000000e+00,0.000000000000000000e+00,0.000000000000000000e+00,1.270948479025477451e-06,0.000000000000000000e+00,5.000002834794337048e-01,0.000000000000000000e+00
-3.300836166375793285e-06,0.000000000000000000e+00,9.999999999945522466e-01,0.000000000000000000e+00,1.000000000000000000e+00,0.000000000000000000e+00,-9.999999999945522466e-01,0.000000000000000000e+00,-3.300836166375793285e-06,4.273286457649086136e-06,0.000000000000000000e+00,5.000009531302295196e-01,0.000000000000000000e+00
-7.794664204246531746e-06,0.000000000000000000e+00,9.999999999696216335e-01,0.000000000000000000e+00,1.000000000000000000e+00,0.000000000000000000e+00,-9.999999999696216335e-01,0.000000000000000000e+00,-7.794664204246531746e-06,1.009103390783471952e-05,0.000000000000000000e+00,5.000022507191709265e-01,0.000000000000000000e+00
-1.516637462664581967e-05,0.000000000000000000e+00,9.999999998849905536e-01,0.000000000000000000e+00,1.000000000000000000e+00,0.000000000000000000e+00,-9.999999998849905536e-01,0.000000000000000000e+00,-1.516637462664581967e-05,1.963452464737501532e-05,0.000000000000000000e+00,5.000043792375311602e-01,0.000000000000000000e+00
-2.610820032683899109e-05,0.000000000000000000e+00,9.999999996591809603e-01,0.000000000000000000e+00,1.000000000000000000e+00,0.000000000000000000e+00,-9.999999996591809603e-01,0.000000000000000000e+00,-2.610820032683899109e-05,3.379995160135199729e-05,0.000000000000000000e+00,5.000075384664464107e-01,0.000000000000000000e+00
-4.130149798702348107e-05,0.000000000000000000e+00,9.999999991470931437e-01,0.000000000000000000e+00,1.000000000000000000e+00,0.000000000000000000e+00,-9.999999991470931437e-01,0.000000000000000000e+00,-4.130149798702348107e-05,5.346944564940255234e-05,0.000000000000000000e+00,5.000119249641131747e-01,0.000000000000000000e+00
-6.141680399300069790e-05,0.000000000000000000e+00,9.999999981139880978e-01,0.000000000000000000e+00,1.000000000000000000e+00,0.000000000000000000e+00,-9.999999981139880978e-01,0.000000000000000000e+00,-6.141680399300069790e-05,7.951115552598746574e-05,0.000000000000000000e+00,5.000177320482513954e-01,0.000000000000000000e+00
-8.711389034526716222e-05,0.000000000000000000e+00,9.999999962055849956e-01,0.000000000000000000e+00,1.000000000000000000e+00,0.000000000000000000e+00,-9.999999962055849956e-01,0.000000000000000000e+00,-8.711389034526716222e-05,1.127793288378119868e-04,0.000000000000000000e+00,5.000251497735372919e-01,0.000000000000000000e+00
-1.190418205646390378e-04,0.000000000000000000e+00,9.999999929145224620e-01,0.000000000000000000e+00,1.000000000000000000e+00,0.000000000000000000e+00,-9.999999929145224620e-01,0.000000000000000000e+00,-1.190418205646390378e-04,1.541143941241457632e-04,0.000000000000000000e+00,5.000343649043266225e-01,0.000000000000000000e+00
-1.578390055900057848e-04,0.000000000000000000e+00,9.999999875434241181e-01,0.000000000000000000e+00,1.000000000000000000e+00,0.000000000000000000e+00,-9.999999875434241181e-01,0.000000000000000000e+00,-1.578390055900057848e-04,2.043430438874908417e-04,0.000000000000000000e+00,5.000455608829802445e-01,0.000000000000000000e+00
-2.041332596652556657e-04,0.000000000000000000e+00,9.999999791648059855e-01,0.000000000000000000e+00,1.000000000000000000e+00,0.000000000000000000e+00,-9.999999791648059855e-01,0.000000000000000000e+00,-2.041332596652556657e-04,2.642783185221647593e-04,0.000000000000000000e+00,5.000589177940978347e-01,0.000000000000000000e+00
-2.585418562118352542e-04,0.000000000000000000e+00,9.999999665780537894e-01,0.000000000000000000e+00,1.000000000000000000e+00,0.000000000000000000e+00,-9.999999665780537894e-01,0.000000000000000000e+00,-2.585418562118352542e-04,3.347196910703701235e-04,0.000000000000000000e+00,5.000746123249533159e-01,0.000000000000000000e+00
-3.216715836828032524e-04,0.000000000000000000e+00,9.999999482636947601e-01,0.000000000000000000e+00,1.000000000000000000e+00,0.000000000000000000e+00,-9.999999482636947601e-01,0.000000000000000000e+00,-3.216715836828032524e-04,4.164531527355377102e-04,0.000000000000000000e+00,5.000928177224235327e-01,0.000000000000000000e+00
-3.941188013936289172e-04,0.000000000000000000e+00,9.999999223351822009e-01,0.000000000000000000e+00,1.000000000000000000e+00,0.000000000000000000e+00,-9.999999223351822009e-01,0.000000000000000000e+00,-3.941188013936289172e-04,5.102512990837665191e-04,0.000000000000000000e+00,5.001137037466898416e-01,0.000000000000000000e+00
-4.764694953243631581e-04,0.000000000000000000e+00,9.999998864884035443e-01,0.000000000000000000e+00,1.000000000000000000e+00,0.000000000000000000e+00,-9.999998864884035443e-01,0.000000000000000000e+00,-4.764694953243631581e-04,6.168734168655611548e-04,0.000000000000000000e+00,5.001374366219836221e-01,0.000000000000000000e+00
-5.692993338871949090e-04,0.000000000000000000e+00,9.999998379491210621e-01,0.000000000000000000e+00,1.000000000000000000e+00,0.000000000000000000e+00,-9.999998379491210621e-01,0.000000000000000000e+00,-5.692993338871949090e-04,7.370655713897150208e-04,0.000000000000000000e+00,5.001641789846462682e-01,0.000000000000000000e+00
-6.731737236527903607e-04,0.000000000000000000e+00,9.999997734185431808e-01,0.000000000000000000e+00,1.000000000000000000e+00,0.000000000000000000e+00,-9.999997734185431808e-01,0.000000000000000000e+00,-6.731737236527903607e-04,8.715606943836331231e-04,0.000000000000000000e+00,5.001940898287567938e-01,0.000000000000000000e+00
-7.886478650282156833e-04,0.000000000000000000e+00,9.999996890172241359e-01,0.000000000000000000e+00,1.000000000000000000e+00,0.000000000000000000e+00,-9.999996890172241359e-01,0.000000000000000000e+00,-7.886478650282156833e-04,1.021078672273677398e-03,0.000000000000000000e+00,5.002273244495809568e-01,0.000000000000000000e+00
-9.162668078786525378e-04,0.000000000000000000e+00,9.999995802274802559e-01,0.000000000000000000e+00,1.000000000000000000e+00,0.000000000000000000e+00,-9.999995802274802559e-01,0.000000000000000000e+00,-9.162668078786525378e-04,1.186326434821078366e-03,0.000000000000000000e+00,5.002640343850845994e-01,0.000000000000000000e+00
-1.056565507084557482e-03,0.000000000000000000e+00,9.999994418345088398e-01,0.000000000000000000e+00,1.000000000000000000e+00,0.000000000000000000e+00,-9.999994418345088398e-01,0.000000000000000000e+00,-1.056565507084557482e-03,1.367998044048906276e-03,0.000000000000000000e+00,5.003043673557476811e-01,0.000000000000000000e+00
-1.210068878025376922e-03,0.000000000000000000e+00,9.999992678663871537e-01,0.000000000000000000e+00,1.000000000000000000e+00,0.000000000000000000e+00,-9.999992678663871537e-01,0.000000000000000000e+00,-1.210068878025376922e-03,1.566774783397333710e-03,0.000000000000000000e+00,5.003484672029084868e-01,0.000000000000000000e+00
-1.377291851980413841e-03,0.000000000000000000e+00,9.999990515331274032e-01,0.000000000000000000e+00,1.000000000000000000e+00,0.000000000000000000e+00,-9.999990515331274032e-01,0.000000000000000000e+00,-1.377291851980413841e-03,1.783325247044234129e-03,0.000000000000000000e+00,5.003964738258604994e-01,0.000000000000000000e+00
-1.558739431436969225e-03,0.000000000000000000e+00,9.999987851649545512e-01,0.000000000000000000e+00,1.000000000000000000e+00,0.000000000000000000e+00,-9.999987851649545512e-01,0.000000000000000000e+00,-1.558739431436969225e-03,2.018305429330146707e-03,0.000000000000000000e+00,5.004485231179173210e-01,0.000000000000000000e+00
-1.754906745295438516e-03,0.000000000000000000e+00,9.999984601499720682e-01,0.000000000000000000e+00,1.000000000000000000e+00,0.000000000000000000e+00,-9.999984601499720682e-01,0.000000000000000000e+00,-1.754906745295438516e-03,2.272358814226577584e-03,0.000000000000000000e+00,5.005047469016552508e-01,0.000000000000000000e+00
-1.966279103960627463e-03,0.000000000000000000e+00,9.999980668713741583e-01,0.000000000000000000e+00,1.000000000000000000e+00,0.000000000000000000e+00,-9.999980668713741583e-01,0.000000000000000000e+00,-1.966279103960627463e-03,2.546116464787955697e-03,0.000000000000000000e+00,5.005652728635355819e-01,0.000000000000000000e+00
-2.193332054308202994e-03,0.000000000000000000e+00,9.999975946443568908e-01,0.000000000000000000e+00,1.000000000000000000e+00,0.000000000000000000e+00,-9.999975946443568908e-01,0.000000000000000000e+00,-2.193332054308202994e-03,2.840197112528882080e-03,0.000000000000000000e+00,5.006302244881012387e-01,0.000000000000000000e+00
-2.436531434514866389e-03,0.000000000000000000e+00,9.999970316528787873e-01,0.000000000000000000e+00,1.000000000000000000e+00,0.000000000000000000e+00,-9.999970316528787873e-01,0.000000000000000000e+00,-2.436531434514866389e-03,3.155207246668427154e-03,0.000000000000000000e+00,5.006997209919393788e-01,0.000000000000000000e+00
-2.696333428740534804e-03,0.000000000000000000e+00,9.999963648864135246e-01,0.000000000000000000e+00,1.000000000000000000e+00,0.000000000000000000e+00,-9.999963648864135246e-01,0.000000000000000000e+00,-2.696333428740534804e-03,3.491741203185101151e-03,0.000000000000000000e+00,5.007738772575905939e-01,0.000000000000000000e+00
-2.973184621650635726e-03,0.000000000000000000e+00,9.999955800768349778e-01,0.000000000000000000e+00,1.000000000000000000e+00,0.000000000000000000e+00,-9.999955800768349778e-01,0.000000000000000000e+00,-2.973184621650635726e-03,3.850381253626640899e-03,0.000000000000000000e+00,5.008528037675835654e-01,0.000000000000000000e+00
-3.267522052766366064e-03,0.000000000000000000e+00,9.999946616355682716e-01,0.000000000000000000e+00,1.000000000000000000e+00,0.000000000000000000e+00,-9.999946616355682716e-01,0.000000000000000000e+00,-3.267522052766366064e-03,4.231697693620244116e-03,0.000000000000000000e+00,5.009366065387644840e-01,0.000000000000000000e+00
-3.579773270630706283e-03,0.000000000000000000e+00,9.999935925911379586e-01,0.000000000000000000e+00,1.000000000000000000e+00,0.000000000000000000e+00,-9.999935925911379586e-01,0.000000000000000000e+00,-3.579773270630706283e-03,4.636248931029619651e-03,0.000000000000000000e+00,5.010253870570872126e-01,0.000000000000000000e+00
-3.910356386777807079e-03,0.000000000000000000e+00,9.999923545272375591e-01,0.000000000000000000e+00,1.000000000000000000e+00,0.000000000000000000e+00,-9.999923545272375591e-01,0.000000000000000000e+00,-3.910356386777807079e-03,5.064581573706935548e-03,0.000000000000000000e+00,5.011192422130215096e-01,0.000000000000000000e+00
-4.259680129493419523e-03,0.000000000000000000e+00,9.999909275214422522e-01,0.000000000000000000e+00,1.000000000000000000e+00,0.000000000000000000e+00,-9.999909275214422522e-01,0.000000000000000000e+00,-4.259680129493419523e-03,5.517230516788532678e-03,0.000000000000000000e+00,5.012182642377341901e-01,0.000000000000000000e+00
-4.628143897353953658e-03,0.000000000000000000e+00,9.999892900846815147e-01,0.000000000000000000e+00,1.000000000000000000e+00,0.000000000000000000e+00,-9.999892900846815147e-01,0.000000000000000000e+00,-4.628143897353953658e-03,5.994719029484606512e-03,0.000000000000000000e+00,5.013225406401892181e-01,0.000000000000000000e+00
-5.016137812531909317e-03,0.000000000000000000e+00,9.999874191015832858e-01,0.000000000000000000e+00,1.000000000000000000e+00,0.000000000000000000e+00,-9.999874191015832858e-01,0.000000000000000000e+00,-5.016137812531909317e-03,6.497558841314783097e-03,0.000000000000000000e+00,5.014321541453093944e-01,0.000000000000000000e+00
-5.424042773855448051e-03,0.000000000000000000e+00,9.999852897717982358e-01,0.000000000000000000e+00,1.000000000000000000e+00,0.000000000000000000e+00,-9.999852897717982358e-01,0.000000000000000000e+00,-5.424042773855448051e-03,7.026250227742386958e-03,0.000000000000000000e+00,5.015471826333357530e-01,0.000000000000000000e+00
-5.852230509610096242e-03,0.000000000000000000e+00,9.999828755524078350e-01,0.000000000000000000e+00,1.000000000000000000e+00,0.000000000000000000e+00,-9.999828755524078350e-01,0.000000000000000000e+00,-5.852230509610096242e-03,7.581282095161919095e-03,0.000000000000000000e+00,5.016676990805151171e-01,0.000000000000000000e+00
-6.301063630070763769e-03,0.000000000000000000e+00,9.999801481015159199e-01,0.000000000000000000e+00,1.000000000000000000e+00,0.000000000000000000e+00,-9.999801481015159199e-01,0.000000000000000000e+00,-6.301063630070763769e-03,8.163132065195652723e-03,0.000000000000000000e+00,5.017937715012428246e-01,0.000000000000000000e+00
-6.770895679752493741e-03,0.000000000000000000e+00,9.999770772231201255e-01,0.000000000000000000e+00,1.000000000000000000e+00,0.000000000000000000e+00,-9.999770772231201255e-01,0.000000000000000000e+00,-6.770895679752493741e-03,8.772266558256533800e-03,0.000000000000000000e+00,5.019254628917801941e-01,0.000000000000000000e+00
-7.262071189368723978e-03,0.000000000000000000e+00,9.999736308133532203e-01,0.000000000000000000e+00,1.000000000000000000e+00,0.000000000000000000e+00,-9.999736308133532203e-01,0.000000000000000000e+00,-7.262071189368723978e-03,9.409140876336850173e-03,0.000000000000000000e+00,5.020628311756614170e-01,0.000000000000000000e+00
-7.774925727486135807e-03,0.000000000000000000e+00,9.999697748081849413e-01,0.000000000000000000e+00,1.000000000000000000e+00,0.000000000000000000e+00,-9.999697748081849413e-01,0.000000000000000000e+00,-7.774925727486135807e-03,1.007419928498237867e-02,0.000000000000000000e+00,5.022059291509043399e-01,0.000000000000000000e+00
-8.309785951865640216e-03,0.000000000000000000e+00,9.999654731326648172e-01,0.000000000000000000e+00,1.000000000000000000e+00,0.000000000000000000e+00,-9.999654731326648172e-01,0.000000000000000000e+00,-8.309785951865640216e-03,1.076787509441521490e-02,0.000000000000000000e+00,5.023548044391240586e-01,0.000000000000000000e+00
-8.866969660479409598e-03,0.000000000000000000e+00,9.999606876517896925e-01,0.000000000000000000e+00,1.000000000000000000e+00,0.000000000000000000e+00,-9.999606876517896925e-01,0.000000000000000000e+00,-8.866969660479409598e-03,1.149059073976810112e-02,0.000000000000000000e+00,5.025094994366577916e-01,0.000000000000000000e+00
-9.446785842194424521e-03,0.000000000000000000e+00,9.999553781230698934e-01,0.000000000000000000e+00,1.000000000000000000e+00,0.000000000000000000e+00,-9.999553781230698934e-01,0.000000000000000000e+00,-9.446785842194424521e-03,1.224275786039649878e-02,0.000000000000000000e+00,5.026700512677915178e-01,0.000000000000000000e+00
-1.004953472711356093e-02,0.000000000000000000e+00,9.999495021508678638e-01,0.000000000000000000e+00,1.000000000000000000e+00,0.000000000000000000e+00,-9.999495021508678638e-01,0.000000000000000000e+00,-1.004953472711356093e-02,1.302477737823551016e-02,0.000000000000000000e+00,5.028364917401829670e-01,0.000000000000000000e+00
-1.067550783656569073e-02,0.000000000000000000e+00,9.999430151425787727e-01,0.000000000000000000e+00,1.000000000000000000e+00,0.000000000000000000e+00,-9.999430151425787727e-01,0.000000000000000000e+00,-1.067550783656569073e-02,1.383703957517052122e-02,0.000000000000000000e+00,5.030088473025678963e-01,0.000000000000000000e+00
-1.132498803273708846e-02,0.000000000000000000e+00,9.999358702667178189e-01,0.000000000000000000e+00,1.000000000000000000e+00,0.000000000000000000e+00,-9.999358702667178189e-01,0.000000000000000000e+00,-1.132498803273708846e-02,1.467992416939292027e-02,0.000000000000000000e+00,5.031871390048303638e-01,0.000000000000000000e+00
-1.199824956793688231e-02,0.000000000000000000e+00,9.999280184129782922e-01,0.000000000000000000e+00,1.000000000000000000e+00,0.000000000000000000e+00,-9.999280184129782922e-01,0.000000000000000000e+00,-1.199824956793688231e-02,1.555380039071297717e-02,0.000000000000000000e+00,5.033713824605201559e-01,0.000000000000000000e+00
-1.269555813349013303e-02,0.000000000000000000e+00,9.999194081543167911e-01,0.000000000000000000e+00,1.000000000000000000e+00,0.000000000000000000e+00,-9.999194081543167911e-01,0.000000000000000000e+00,-1.269555813349013303e-02,1.645902705480526904e-02,0.000000000000000000e+00,5.035615878118855360e-01,0.000000000000000000e+00
-1.341717090825278631e-02,0.000000000000000000e+00,9.999099857111232170e-01,0.000000000000000000e+00,1.000000000000000000e+00,0.000000000000000000e+00,-9.999099857111232170e-01,0.000000000000000000e+00,-1.341717090825278631e-02,1.739595263636262157e-02,0.000000000000000000e+00,5.037577596974969207e-01,0.000000000000000000e+00
-1.416333660674351340e-02,0.000000000000000000e+00,9.998996949175272819e-01,0.000000000000000000e+00,1.000000000000000000e+00,0.000000000000000000e+00,-9.998996949175272819e-01,0.000000000000000000e+00,-1.416333660674351340e-02,1.836491534113713145e-02,0.000000000000000000e+00,5.039598972225252105e-01,0.000000000000000000e+00
-1.493429552688825893e-02,0.000000000000000000e+00,9.998884771898891577e-01,0.000000000000000000e+00,1.000000000000000000e+00,0.000000000000000000e+00,-9.998884771898891577e-01,0.000000000000000000e+00,-1.493429552688825893e-02,1.936624317684908225e-02,0.000000000000000000e+00,5.041679939317362802e-01,0.000000000000000000e+00
-1.573027959737410483e-02,0.000000000000000000e+00,9.998762714975230059e-01,0.000000000000000000e+00,1.000000000000000000e+00,0.000000000000000000e+00,-9.998762714975230059e-01,0.000000000000000000e+00,-1.573027959737410483e-02,2.040025402294535703e-02,0.000000000000000000e+00,5.043820377852629155e-01,0.000000000000000000e+00
-1.655151242460997305e-02,0.000000000000000000e+00,9.998630143356929123e-01,0.000000000000000000e+00,1.000000000000000000e+00,0.000000000000000000e+00,-9.998630143356929123e-01,0.000000000000000000e+00,-1.655151242460997305e-02,2.146725569919268745e-02,0.000000000000000000e+00,5.046020111372057082e-01,0.000000000000000000e+00
-1.739820933929246694e-02,0.000000000000000000e+00,9.998486397009229698e-01,0.000000000000000000e+00,1.000000000000000000e+00,0.000000000000000000e+00,-9.998486397009229698e-01,0.000000000000000000e+00,-1.739820933929246694e-02,2.256754603309146789e-02,0.000000000000000000e+00,5.048278907171152019e-01,0.000000000000000000e+00
-1.827057744257618715e-02,0.000000000000000000e+00,9.998330790686587033e-01,0.000000000000000000e+00,1.000000000000000000e+00,0.000000000000000000e+00,-9.998330790686587033e-01,0.000000000000000000e+00,-1.827057744257618715e-02,2.370141292609854664e-02,0.000000000000000000e+00,5.050596476144043612e-01,0.000000000000000000e+00
-1.916881565184859124e-02,0.000000000000000000e+00,9.998162613733112547e-01,0.000000000000000000e+00,1.000000000000000000e+00,0.000000000000000000e+00,-9.998162613733112547e-01,0.000000000000000000e+00,-1.916881565184859124e-02,2.486913441865006708e-02,0.000000000000000000e+00,5.052972472657314418e-01,0.000000000000000000e+00
-2.009311474611062687e-02,0.000000000000000000e+00,9.997981129907175246e-01,0.000000000000000000e+00,1.000000000000000000e+00,0.000000000000000000e+00,-9.997981129907175246e-01,0.000000000000000000e+00,-2.009311474611062687e-02,2.607097875397626843e-02,0.000000000000000000e+00,5.055406494453965616e-01,0.000000000000000000e+00
-2.104365741096505052e-02,0.000000000000000000e+00,9.997785577230439147e-01,0.000000000000000000e+00,1.000000000000000000e+00,0.000000000000000000e+00,-9.997785577230439147e-01,0.000000000000000000e+00,-2.104365741096505052e-02,2.730720444070281264e-02,0.000000000000000000e+00,5.057898082587888311e-01,0.000000000000000000e+00
-2.202061828321570658e-02,0.000000000000000000e+00,9.997575167861579848e-01,0.000000000000000000e+00,1.000000000000000000e+00,0.000000000000000000e+00,-9.997575167861579848e-01,0.000000000000000000e+00,-2.202061828321570658e-02,2.857806031423583068e-02,0.000000000000000000e+00,5.060446721389157965e-01,0.000000000000000000e+00
-2.302416399508151398e-02,0.000000000000000000e+00,9.997349087994914507e-01,0.000000000000000000e+00,1.000000000000000000e+00,0.000000000000000000e+00,-9.997349087994914507e-01,0.000000000000000000e+00,-2.302416399508151398e-02,2.988378559692878023e-02,0.000000000000000000e+00,5.063051838460470577e-01,0.000000000000000000e+00
-2.405445321803037148e-02,0.000000000000000000e+00,9.997106497784153945e-01,0.000000000000000000e+00,1.000000000000000000e+00,0.000000000000000000e+00,-9.997106497784153945e-01,0.000000000000000000e+00,-2.405445321803037148e-02,3.122460995703179101e-02,0.000000000000000000e+00,5.065712804705005956e-01,0.000000000000000000e+00
-2.511163670623891425e-02,0.000000000000000000e+00,9.996846531291424531e-01,0.000000000000000000e+00,1.000000000000000000e+00,0.000000000000000000e+00,-9.996846531291424531e-01,0.000000000000000000e+00,-2.511163670623891425e-02,3.260075356642702649e-02,0.000000000000000000e+00,5.068428934385923457e-01,0.000000000000000000e+00
-2.619585733968522387e-02,0.000000000000000000e+00,9.996568296461735281e-01,0.000000000000000000e+00,1.000000000000000000e+00,0.000000000000000000e+00,-9.996568296461735281e-01,0.000000000000000000e+00,-2.619585733968522387e-02,3.401242715715405845e-02,0.000000000000000000e+00,5.071199485217739999e-01,0.000000000000000000e+00
-2.730725016688239151e-02,0.000000000000000000e+00,9.996270875122998945e-01,0.000000000000000000e+00,1.000000000000000000e+00,0.000000000000000000e+00,-9.996270875122998945e-01,0.000000000000000000e+00,-2.730725016688239151e-02,3.545983207673240184e-02,0.000000000000000000e+00,5.074023658489752453e-01,0.000000000000000000e+00
-2.844594244726213542e-02,0.000000000000000000e+00,9.995953323011702585e-01,0.000000000000000000e+00,1.000000000000000000e+00,0.000000000000000000e+00,-9.995953323011702585e-01,0.000000000000000000e+00,-2.844594244726213542e-02,3.694316034229040702e-02,0.000000000000000000e+00,5.076900599221657595e-01,0.000000000000000000e+00
-2.961205369321845762e-02,0.000000000000000000e+00,9.995614669824312015e-01,0.000000000000000000e+00,1.000000000000000000e+00,0.000000000000000000e+00,-9.995614669824312015e-01,0.000000000000000000e+00,-2.961205369321845762e-02,3.846259469351091115e-02,0.000000000000000000e+00,5.079829396351502879e-01,0.000000000000000000e+00
-3.080569571182239369e-02,0.000000000000000000e+00,9.995253919294450062e-01,0.000000000000000000e+00,1.000000000000000000e+00,0.000000000000000000e+00,-9.995253919294450062e-01,0.000000000000000000e+00,-3.080569571182239369e-02,4.001830864440689833e-02,0.000000000000000000e+00,5.082809082956055713e-01,0.000000000000000000e+00
-3.202697264622011986e-02,0.000000000000000000e+00,9.994870049295879744e-01,0.000000000000000000e+00,1.000000000000000000e+00,0.000000000000000000e+00,-9.994870049295879744e-01,0.000000000000000000e+00,-3.202697264622011986e-02,4.161046653394197270e-02,0.000000000000000000e+00,5.085838636503668964e-01,0.000000000000000000e+00
-3.327598101672717135e-02,0.000000000000000000e+00,9.994462011971301241e-01,0.000000000000000000e+00,1.000000000000000000e+00,0.000000000000000000e+00,-9.994462011971301241e-01,0.000000000000000000e+00,-3.327598101672717135e-02,4.323922357551225615e-02,0.000000000000000000e+00,5.088916979139681551e-01,0.000000000000000000e+00
-3.455280976163323248e-02,0.000000000000000000e+00,9.994028733886932692e-01,0.000000000000000000e+00,1.000000000000000000e+00,0.000000000000000000e+00,-9.994028733886932692e-01,0.000000000000000000e+00,-3.455280976163323248e-02,4.490472590530882047e-02,0.000000000000000000e+00,5.092042978004366338e-01,0.000000000000000000e+00
-3.585754027773226105e-02,0.000000000000000000e+00,9.993569116212840386e-01,0.000000000000000000e+00,1.000000000000000000e+00,0.000000000000000000e+00,-9.993569116212840386e-01,0.000000000000000000e+00,-3.585754027773226105e-02,4.660711062958113049e-02,0.000000000000000000e+00,5.095215445583420877e-01,0.000000000000000000e+00
-3.719024646059419792e-02,0.000000000000000000e+00,9.993082034928965074e-01,0.000000000000000000e+00,1.000000000000000000e+00,0.000000000000000000e+00,-9.993082034928965074e-01,0.000000000000000000e+00,-3.719024646059419792e-02,4.834650587082398726e-02,0.000000000000000000e+00,5.098433140090978810e-01,0.000000000000000000e+00
-3.855099474459498798e-02,0.000000000000000000e+00,9.992566341056746682e-01,0.000000000000000000e+00,1.000000000000000000e+00,0.000000000000000000e+00,-9.992566341056746682e-01,0.000000000000000000e+00,-3.855099474459498798e-02,5.012303081291229201e-02,0.000000000000000000e+00,5.101694765885057548e-01,0.000000000000000000e+00
-3.993984414272323119e-02,0.000000000000000000e+00,9.992020860916248637e-01,0.000000000000000000e+00,1.000000000000000000e+00,0.000000000000000000e+00,-9.992020860916248637e-01,0.000000000000000000e+00,-3.993984414272323119e-02,5.193679574521042203e-02,0.000000000000000000e+00,5.104998973915384486e-01,0.000000000000000000e+00
-4.135684628618179620e-02,0.000000000000000000e+00,9.991444396408665218e-01,0.000000000000000000e+00,1.000000000000000000e+00,0.000000000000000000e+00,-9.991444396408665218e-01,0.000000000000000000e+00,-4.135684628618179620e-02,5.378790210568312052e-02,0.000000000000000000e+00,5.108344362203478539e-01,0.000000000000000000e+00
-4.280204546380465824e-02,0.000000000000000000e+00,9.990835725324055394e-01,0.000000000000000000e+00,1.000000000000000000e+00,0.000000000000000000e+00,-9.990835725324055394e-01,0.000000000000000000e+00,-4.280204546380465824e-02,5.567644252303886182e-02,0.000000000000000000e+00,5.111729476354865964e-01,0.000000000000000000e+00
-4.427547866130919496e-02,0.000000000000000000e+00,9.990193601674153268e-01,0.000000000000000000e+00,1.000000000000000000e+00,0.000000000000000000e+00,-9.990193601674153268e-01,0.000000000000000000e+00,-4.427547866130919496e-02,5.760250085793595237e-02,0.000000000000000000e+00,5.115152810103281711e-01,0.000000000000000000e+00
-4.577717560040559658e-02,0.000000000000000000e+00,9.989516756050061952e-01,0.000000000000000000e+00,1.000000000000000000e+00,0.000000000000000000e+00,-9.989516756050061952e-01,0.000000000000000000e+00,-4.577717560040559658e-02,5.956615224328531272e-02,0.000000000000000000e+00,5.118612805886675332e-01,0.000000000000000000e+00
-4.730715877778569195e-02,0.000000000000000000e+00,9.988803896004633254e-01,0.000000000000000000e+00,1.000000000000000000e+00,0.000000000000000000e+00,-9.988803896004633254e-01,0.000000000000000000e+00,-4.730715877778569195e-02,6.156746312368408663e-02,0.000000000000000000e+00,5.122107855454822722e-01,0.000000000000000000e+00
-4.886544350401430398e-02,0.000000000000000000e+00,9.988053706459312231e-01,0.000000000000000000e+00,1.000000000000000000e+00,0.000000000000000000e+00,-9.988053706459312231e-01,0.000000000000000000e+00,-4.886544350401430398e-02,6.360649129401679813e-02,0.000000000000000000e+00,5.125636300508330523e-01,0.000000000000000000e+00
-5.045203794234679601e-02,0.000000000000000000e+00,9.987264850135215699e-01,0.000000000000000000e+00,1.000000000000000000e+00,0.000000000000000000e+00,-9.987264850135215699e-01,0.000000000000000000e+00,-5.045203794234679601e-02,6.568328593726123488e-02,0.000000000000000000e+00,5.129196433368803376e-01,0.000000000000000000e+00
-5.206694314749794189e-02,0.000000000000000000e+00,9.986435968008182673e-01,0.000000000000000000e+00,1.000000000000000000e+00,0.000000000000000000e+00,-9.986435968008182673e-01,0.000000000000000000e+00,-5.206694314749794189e-02,6.779788766153896362e-02,0.000000000000000000e+00,5.132786497679903137e-01,0.000000000000000000e+00
-5.371015310438675278e-02,0.000000000000000000e+00,9.985565679787516968e-01,0.000000000000000000e+00,1.000000000000000000e+00,0.000000000000000000e+00,-9.985565679787516968e-01,0.000000000000000000e+00,-5.371015310438675278e-02,6.995032853645059834e-02,0.000000000000000000e+00,5.136404689139006940e-01,0.000000000000000000e+00
-5.538165476688401700e-02,0.000000000000000000e+00,9.984652584418156618e-01,0.000000000000000000e+00,1.000000000000000000e+00,0.000000000000000000e+00,-9.984652584418156618e-01,0.000000000000000000e+00,-5.538165476688401700e-02,7.214063212873823849e-02,0.000000000000000000e+00,5.140049156259210994e-01,0.000000000000000000e+00
-5.708142809658861561e-02,0.000000000000000000e+00,9.983695260605934818e-01,0.000000000000000000e+00,1.000000000000000000e+00,0.000000000000000000e+00,-9.983695260605934818e-01,0.000000000000000000e+00,-5.708142809658861561e-02,7.436881353731825128e-02,0.000000000000000000e+00,5.143718001161299291e-01,0.000000000000000000e+00
-5.880944610166019548e-02,0.000000000000000000e+00,9.982692267365632643e-01,0.000000000000000000e+00,1.000000000000000000e+00,0.000000000000000000e+00,-9.982692267365632643e-01,0.000000000000000000e+00,-5.880944610166019548e-02,7.663487942772904959e-02,0.000000000000000000e+00,5.147409280395391917e-01,0.000000000000000000e+00
-6.056567487573597669e-02,0.000000000000000000e+00,9.981642144591472698e-01,0.000000000000000000e+00,1.000000000000000000e+00,0.000000000000000000e+00,-9.981642144591472698e-01,0.000000000000000000e+00,-6.056567487573597669e-02,7.893882806603956526e-02,0.000000000000000000e+00,5.151121005791887697e-01,0.000000000000000000e+00
-6.235007363696006000e-02,0.000000000000000000e+00,9.980543413649708429e-01,0.000000000000000000e+00,1.000000000000000000e+00,0.000000000000000000e+00,-9.980543413649708429e-01,0.000000000000000000e+00,-6.235007363696006000e-02,8.128064935226554655e-02,0.000000000000000000e+00,5.154851145341324825e-01,0.000000000000000000e+00
-6.416259476715406584e-02,0.000000000000000000e+00,9.979394577992924953e-01,0.000000000000000000e+00,1.000000000000000000e+00,0.000000000000000000e+00,-9.979394577992924953e-01,0.000000000000000000e+00,-6.416259476715406584e-02,8.366032485334178037e-02,0.000000000000000000e+00,5.158597624102777557e-01,0.000000000000000000e+00
-6.600318385115842845e-02,0.000000000000000000e+00,9.978194123795699477e-01,0.000000000000000000e+00,1.000000000000000000e+00,0.000000000000000000e+00,-9.978194123795699477e-01,0.000000000000000000e+00,-6.600318385115842845e-02,8.607782783569847829e-02,0.000000000000000000e+00,5.162358325140378179e-01,0.000000000000000000e+00
-6.787177971637425866e-02,0.000000000000000000e+00,9.976940520611176089e-01,0.000000000000000000e+00,1.000000000000000000e+00,0.000000000000000000e+00,-9.976940520611176089e-01,0.000000000000000000e+00,-6.787177971637425866e-02,8.853312329749349341e-02,0.000000000000000000e+00,5.166131090487506849e-01,0.000000000000000000e+00
-6.976831447253548091e-02,0.000000000000000000e+00,9.975632222048191888e-01,0.000000000000000000e+00,1.000000000000000000e+00,0.000000000000000000e+00,-9.975632222048191888e-01,0.000000000000000000e+00,-6.976831447253548091e-02,9.102616800054909307e-02,0.000000000000000000e+00,5.169913722138250733e-01,0.000000000000000000e+00
-7.169271355174217097e-02,0.000000000000000000e+00,9.974267666468490390e-01,0.000000000000000000e+00,1.000000000000000000e+00,0.000000000000000000e+00,-9.974267666468490390e-01,0.000000000000000000e+00,-7.169271355174217097e-02,9.355691050204692494e-02,0.000000000000000000e+00,5.173703983065611745e-01,0.000000000000000000e+00
-7.364489574878535505e-02,0.000000000000000000e+00,9.972845277703602518e-01,0.000000000000000000e+00,1.000000000000000000e+00,0.000000000000000000e+00,-9.972845277703602518e-01,0.000000000000000000e+00,-7.364489574878535505e-02,9.612529118603244105e-02,0.000000000000000000e+00,5.177499598266036562e-01,0.000000000000000000e+00
-7.562477326179463388e-02,0.000000000000000000e+00,9.971363465790935576e-01,0.000000000000000000e+00,1.000000000000000000e+00,0.000000000000000000e+00,-9.971363465790935576e-01,0.000000000000000000e+00,-7.562477326179463388e-02,9.873124229478243141e-02,0.000000000000000000e+00,5.181298255829724919e-01,0.000000000000000000e+00
-7.763225173323919093e-02,0.000000000000000000e+00,9.969820627728600559e-01,0.000000000000000000e+00,1.000000000000000000e+00,0.000000000000000000e+00,-9.969820627728600559e-01,0.000000000000000000e+00,-7.763225173323919093e-02,1.013746879600892492e-01,0.000000000000000000e+00,5.185097608036234318e-01,0.000000000000000000e+00
-7.966723029131442257e-02,0.000000000000000000e+00,9.968215148248510404e-01,0.000000000000000000e+00,1.000000000000000000e+00,0.000000000000000000e+00,-9.968215148248510404e-01,0.000000000000000000e+00,-7.966723029131442257e-02,1.040555442345164477e-01,0.000000000000000000e+00,5.188895272474841613e-01,0.000000000000000000e+00
-8.172960159174449957e-02,0.000000000000000000e+00,9.966545400607247363e-01,0.000000000000000000e+00,1.000000000000000000e+00,0.000000000000000000e+00,-9.966545400607247363e-01,0.000000000000000000e+00,-8.172960159174449957e-02,1.067737191226796750e-01,0.000000000000000000e+00,5.192688833189114117e-01,0.000000000000000000e+00
-8.381925186003288952e-02,0.000000000000000000e+00,9.964809747394198780e-01,0.000000000000000000e+00,1.000000000000000000e+00,0.000000000000000000e+00,-9.964809747394198780e-01,0.000000000000000000e+00,-8.381925186003288952e-02,1.095291126126095305e-01,0.000000000000000000e+00,5.196475841845126231e-01,0.000000000000000000e+00
-8.593606093419260683e-02,0.000000000000000000e+00,9.963006541356452805e-01,0.000000000000000000e+00,1.000000000000000000e+00,0.000000000000000000e+00,-9.963006541356452805e-01,0.000000000000000000e+00,-8.593606093419260683e-02,1.123216167072505212e-01,0.000000000000000000e+00,5.200253818922765392e-01,0.000000000000000000e+00
-8.807990230798665166e-02,0.000000000000000000e+00,9.961134126239921116e-01,0.000000000000000000e+00,1.000000000000000000e+00,0.000000000000000000e+00,-9.961134126239921116e-01,0.000000000000000000e+00,-8.807990230798665166e-02,1.151511154561528361e-01,0.000000000000000000e+00,5.204020254929511147e-01,0.000000000000000000e+00
-9.025064317471091779e-02,0.000000000000000000e+00,9.959190837646153538e-01,0.000000000000000000e+00,1.000000000000000000e+00,0.000000000000000000e+00,-9.959190837646153538e-01,0.000000000000000000e+00,-9.025064317471091779e-02,1.180174849874127824e-01,0.000000000000000000e+00,5.207772611636100057e-01,0.000000000000000000e+00
-9.244814447155001724e-02,0.000000000000000000e+00,9.957175003904307209e-01,0.000000000000000000e+00,1.000000000000000000e+00,0.000000000000000000e+00,-9.957175003904307209e-01,0.000000000000000000e+00,-9.244814447155001724e-02,1.209205935399174786e-01,0.000000000000000000e+00,5.211508323333465809e-01,0.000000000000000000e+00
-9.467226092453771835e-02,0.000000000000000000e+00,9.955084946957691860e-01,0.000000000000000000e+00,1.000000000000000000e+00,0.000000000000000000e+00,-9.955084946957691860e-01,0.000000000000000000e+00,-9.467226092453771835e-02,1.238603014959515358e-01,0.000000000000000000e+00,5.215224798110287274e-01,0.000000000000000000e+00
-9.692284109415197357e-02,0.000000000000000000e+00,9.952918983264346098e-01,0.000000000000000000e+00,1.000000000000000000e+00,0.000000000000000000e+00,-9.952918983264346098e-01,0.000000000000000000e+00,-9.692284109415197357e-02,1.268364614142196423e-01,0.000000000000000000e+00,5.218919419150545025e-01,0.000000000000000000e+00
-9.919972742157569245e-02,0.000000000000000000e+00,9.950675424711054040e-01,0.000000000000000000e+00,1.000000000000000000e+00,0.000000000000000000e+00,-9.950675424711054040e-01,0.000000000000000000e+00,-9.919972742157569245e-02,1.298489180633437823e-01,0.000000000000000000e+00,5.222589546050390164e-01,0.000000000000000000e+00
-1.015027562756528473e-01,0.000000000000000000e+00,9.948352579540219454e-01,0.000000000000000000e+00,1.000000000000000000e+00,0.000000000000000000e+00,-9.948352579540219454e-01,0.000000000000000000e+00,-1.015027562756528473e-01,1.328975084558882414e-01,0.000000000000000000e+00,5.226232516153673791e-01,0.000000000000000000e+00
-1.038317580005702484e-01,0.000000000000000000e+00,9.945948753289004518e-01,0.000000000000000000e+00,1.000000000000000000e+00,0.000000000000000000e+00,-9.945948753289004518e-01,0.000000000000000000e+00,-1.038317580005702484e-01,1.359820618829711003e-01,0.000000000000000000e+00,5.229845645905443208e-01,0.000000000000000000e+00
-1.061865569642937573e-01,0.000000000000000000e+00,9.943462249740121495e-01,0.000000000000000000e+00,1.000000000000000000e+00,0.000000000000000000e+00,-9.943462249740121495e-01,0.000000000000000000e+00,-1.061865569642937573e-01,1.391023999495150099e-01,0.000000000000000000e+00,5.233426232222709862e-01,0.000000000000000000e+00
-1.085669716077881791e-01,0.000000000000000000e+00,9.940891371883678884e-01,0.000000000000000000e+00,1.000000000000000000e+00,0.000000000000000000e+00,-9.940891371883678884e-01,0.000000000000000000e+00,-1.085669716077881791e-01,1.422583366101937696e-01,0.000000000000000000e+00,5.236971553881782926e-01,0.000000000000000000e+00
-1.109728144950490325e-01,0.000000000000000000e+00,9.938234422889447028e-01,0.000000000000000000e+00,1.000000000000000000e+00,0.000000000000000000e+00,-9.938234422889447028e-01,0.000000000000000000e+00,-1.109728144950490325e-01,1.454496782061291127e-01,0.000000000000000000e+00,5.240478872921444653e-01,0.000000000000000000e+00
-1.134038923639739127e-01,0.000000000000000000e+00,9.935489707088926981e-01,0.000000000000000000e+00,1.000000000000000000e+00,0.000000000000000000e+00,-9.935489707088926981e-01,0.000000000000000000e+00,-1.134038923639739127e-01,1.486762235023911249e-01,0.000000000000000000e+00,5.243945436061234755e-01,0.000000000000000000e+00
-1.158600061781007717e-01,0.000000000000000000e+00,9.932655530966583157e-01,0.000000000000000000e+00,1.000000000000000000e+00,0.000000000000000000e+00,-9.932655530966583157e-01,0.000000000000000000e+00,-1.158600061781007717e-01,1.519377637263566727e-01,0.000000000000000000e+00,5.247368476134108839e-01,0.000000000000000000e+00
-1.183409511792392482e-01,0.000000000000000000e+00,9.929730204159591400e-01,0.000000000000000000e+00,1.000000000000000000e+00,0.000000000000000000e+00,-9.929730204159591400e-01,0.000000000000000000e+00,-1.183409511792392482e-01,1.552340826069776303e-01,0.000000000000000000e+00,5.250745213532688194e-01,0.000000000000000000e+00
-1.208465169410215534e-01,0.000000000000000000e+00,9.926712040465480724e-01,0.000000000000000000e+00,1.000000000000000000e+00,0.000000000000000000e+00,-9.926712040465480724e-01,0.000000000000000000e+00,-1.208465169410215534e-01,1.585649564150122814e-01,0.000000000000000000e+00,5.254072857668400376e-01,0.000000000000000000e+00
-1.233764874233967274e-01,0.000000000000000000e+00,9.923599358856969310e-01,0.000000000000000000e+00,1.000000000000000000e+00,0.000000000000000000e+00,-9.923599358856969310e-01,0.000000000000000000e+00,-1.233764874233967274e-01,1.619301540042696330e-01,0.000000000000000000e+00,5.257348608442637961e-01,0.000000000000000000e+00
-1.259306410280938426e-01,0.000000000000000000e+00,9.920390484503386341e-01,0.000000000000000000e+00,1.000000000000000000e+00,0.000000000000000000e+00,-9.920390484503386341e-01,0.000000000000000000e+00,-1.259306410280938426e-01,1.653294368539184878e-01,0.000000000000000000e+00,5.260569657729260440e-01,0.000000000000000000e+00
-1.285087506550767478e-01,0.000000000000000000e+00,9.917083749797978021e-01,0.000000000000000000e+00,1.000000000000000000e+00,0.000000000000000000e+00,-9.917083749797978021e-01,0.000000000000000000e+00,-1.285087506550767478e-01,1.687625591119098489e-01,0.000000000000000000e+00,5.263733190867565526e-01,0.000000000000000000e+00
